161.00,162.00,84.00,159.00
160.96,162.06,83.93,158.93
154.34,160.83,85.60,161.47
154.57,160.99,85.40,161.20
155.11,162.85,83.07,157.53
155.50,162.89,82.17,155.67
155.30,163.27,81.40,154.60
156.14,164.63,79.43,151.57
155.91,164.53,79.60,151.47
155.92,164.65,79.30,150.90
155.26,163.78,80.33,152.33
153.68,163.41,80.33,152.77
153.71,163.54,80.00,152.20
153.30,163.02,80.53,152.93
153.30,163.09,80.27,152.47
152.33,166.65,79.00,150.50
153.62,166.15,76.33,145.73
153.66,166.13,76.17,145.47
153.00,162.69,77.40,147.60
152.35,161.75,78.63,149.53
151.95,166.33,79.33,151.67
153.89,166.25,79.40,151.90
153.91,166.17,79.47,152.13
149.53,166.08,79.53,152.37
149.36,166.00,79.60,152.60
149.60,167.17,78.83,150.33
149.45,167.13,78.87,150.47
148.85,165.75,79.80,153.30
153.11,164.27,81.73,156.33
153.24,164.13,81.87,156.67
159.00,164.00,82.00,157.00
159.09,163.85,82.07,157.37
163.87,162.31,84.00,160.53
159.37,163.56,82.20,158.10
160.19,164.31,80.80,156.27
159.37,162.76,82.67,159.33
158.63,162.26,84.40,162.20
159.25,163.03,83.40,160.97
159.87,163.45,82.40,160.40
155.96,163.80,82.40,160.00
154.33,164.11,82.00,159.67
161.09,163.88,80.47,155.77
160.24,161.80,82.40,159.80
160.34,161.62,82.43,160.03
160.98,162.23,81.40,158.67
161.55,162.75,80.50,157.50
162.51,164.27,78.80,154.33
156.14,162.58,80.30,157.57
154.44,161.00,82.20,160.60
154.94,161.47,81.37,159.53
155.03,161.33,81.33,159.67
155.13,161.20,81.30,159.80
154.76,160.37,82.20,161.33
154.79,160.13,82.30,161.67
155.42,160.80,81.20,160.20
155.35,160.42,81.50,160.83
155.48,160.33,81.40,160.87
155.71,160.40,81.10,160.60
155.81,160.27,81.07,160.73
155.90,160.13,81.03,160.87
156.00,160.00,81.00,161.00
155.87,159.90,81.37,161.37
155.74,159.81,81.73,161.73
155.61,159.71,82.10,162.10
155.62,159.81,82.20,162.07
155.52,159.77,82.50,162.33
155.42,159.72,82.80,162.60
155.33,159.67,83.10,162.87
155.23,159.63,83.40,163.13
155.44,160.18,83.10,162.20
158.01,159.53,84.00,163.67
163.35,158.54,85.57,165.83
162.25,156.44,87.60,170.20
162.66,157.41,86.60,168.43
162.48,157.48,86.80,168.47
161.79,156.80,88.00,170.00
162.18,157.99,87.07,167.80
161.93,157.69,87.40,168.57
161.74,157.76,87.60,168.60
161.19,157.28,88.53,169.73
161.04,159.51,88.67,169.67
160.89,159.42,88.80,169.60
161.47,159.62,87.47,166.60
161.03,160.74,85.23,161.80
160.67,160.42,86.20,162.40
160.48,159.43,86.83,164.33
161.06,160.84,85.93,161.47
162.00,161.68,84.30,158.60
156.38,161.79,84.53,158.73
156.17,161.84,84.80,158.97
156.00,162.00,85.00,159.00
155.92,162.02,84.87,158.93
155.78,161.93,84.87,159.07
154.47,159.20,87.50,164.50
154.45,159.27,87.33,164.33
154.86,160.58,86.33,161.67
154.83,160.60,86.20,161.60
154.65,159.82,86.37,163.13
153.94,158.47,87.60,165.80
154.70,160.05,85.90,162.60
155.05,161.17,85.00,160.33
155.06,161.23,84.80,160.17
155.06,161.30,84.60,160.00
155.07,161.37,84.40,159.83
155.07,161.43,84.20,159.67
155.08,161.50,84.00,159.50
154.55,160.77,84.87,160.93
155.09,161.63,83.60,159.17
155.09,161.70,83.40,159.00
160.42,160.82,84.47,160.73
160.38,160.83,84.33,160.67
160.34,160.85,84.20,160.60
160.17,160.47,84.33,161.33
160.15,160.53,84.17,161.17
160.13,160.60,84.00,161.00
160.94,161.92,82.17,158.33
160.09,160.73,83.67,160.67
160.06,160.80,83.50,160.50
159.98,160.95,83.47,160.60
159.99,160.97,83.23,160.30
160.00,161.00,83.00,160.00
160.05,161.05,82.87,159.80
160.10,161.10,82.73,159.60
161.05,162.50,80.80,156.70
160.00,160.80,82.87,160.00
160.00,160.75,82.83,160.00
154.01,160.70,82.80,160.00
149.40,160.65,82.77,160.00
150.47,162.10,81.00,157.00
151.71,164.15,78.90,152.80
152.01,164.50,78.67,152.00
152.12,164.25,78.83,152.40
152.22,164.00,79.00,152.80
152.89,164.60,78.03,151.50
152.96,164.30,78.27,152.00
153.28,164.75,78.00,151.00
153.33,161.91,78.27,151.60
153.39,161.74,78.53,152.20
153.44,161.57,78.80,152.80
154.30,162.34,78.43,151.50
154.32,162.22,78.67,152.00
154.35,162.10,78.90,152.50
154.38,161.98,79.13,153.00
154.40,161.86,79.37,153.50
154.43,161.73,79.60,154.00
154.62,161.86,79.50,154.00
154.05,160.19,80.93,157.60
161.24,160.27,81.30,158.50
161.78,158.62,83.40,161.80
162.04,158.07,83.77,162.50
162.00,158.00,84.00,163.00
162.08,158.08,83.97,162.73
161.20,156.65,85.87,165.47
160.90,154.93,86.60,168.50
162.34,158.11,83.87,161.93
162.42,158.13,83.83,161.67
161.52,159.03,84.00,162.00
161.21,158.85,84.47,162.53
160.37,157.87,86.00,164.67
154.73,160.10,88.10,169.40
155.25,160.68,87.33,168.00
156.02,159.72,86.07,165.30
156.69,160.34,85.00,163.40
156.99,160.42,84.67,162.60
156.82,159.79,85.27,163.20
156.16,160.57,84.00,161.00
157.16,162.24,82.07,157.00
151.19,158.62,82.47,158.10
150.79,157.96,83.40,159.20
151.59,164.14,81.93,156.70
151.46,160.06,82.33,157.00
151.70,164.03,82.00,156.20
151.94,164.25,81.67,155.40
152.17,164.47,81.33,154.60
151.61,163.49,82.60,156.20
150.40,160.91,85.17,161.00
148.85,158.43,88.40,165.60
154.17,159.94,86.30,162.20
154.77,159.96,86.20,161.80
154.92,160.03,86.03,161.30
155.00,160.00,86.00,161.00
154.86,160.03,86.00,161.07
154.65,159.92,86.13,161.40
153.22,156.93,88.70,167.50
153.95,157.08,88.60,167.33
155.14,159.80,86.33,162.00
155.17,159.77,86.40,162.20
155.43,160.19,86.00,161.47
154.89,159.52,87.20,162.93
162.12,159.20,87.40,163.70
161.82,158.61,88.00,165.00
161.82,158.62,88.00,165.10
160.90,157.43,88.60,167.60
160.87,157.51,88.57,167.57
160.83,157.59,88.53,167.53
160.80,157.66,88.50,167.50
161.00,158.67,88.00,165.60
160.95,158.69,88.00,165.70
161.50,163.68,86.80,163.40
161.49,163.97,86.73,163.37
161.81,161.17,86.00,161.33
163.21,163.40,83.10,157.00
156.62,162.53,84.33,158.87
157.25,163.77,83.00,156.53
157.11,163.50,83.20,157.20
156.93,163.33,83.50,157.67
156.94,163.47,83.40,157.53
156.96,163.60,83.30,157.40
156.90,163.63,83.33,157.47
156.95,163.82,83.17,157.23
157.00,164.00,83.00,157.00
159.11,166.17,82.50,156.10
161.21,168.67,82.00,155.20
163.32,170.52,81.50,154.30
164.29,171.51,83.27,157.07
166.37,172.90,82.83,156.33
168.54,176.31,82.20,155.00
170.36,176.63,82.27,155.77
172.48,178.86,81.73,154.73
175.41,175.08,79.60,150.10
180.05,176.97,78.00,148.00
181.77,177.29,78.67,149.07
184.56,175.58,77.20,146.60
185.99,174.82,76.47,145.23
188.80,174.68,74.80,142.00
193.15,175.16,74.50,141.50
211.30,182.27,72.67,137.40
216.97,180.29,72.40,137.50
235.44,183.52,69.40,131.80
239.91,177.73,70.43,133.40
247.82,174.23,71.00,134.67
251.78,171.27,70.50,134.10
265.46,185.80,68.73,129.67
281.73,165.55,66.70,127.00
282.47,163.28,68.20,129.80
292.55,167.11,67.17,127.83
297.74,167.38,66.13,125.87
302.38,162.59,66.20,126.00
307.59,162.73,65.13,124.00
312.79,162.86,64.07,122.00
318.00,163.00,63.00,120.00
317.82,163.17,63.07,119.87
317.65,163.33,63.13,119.73
317.02,162.60,64.10,121.40
317.30,163.67,63.27,119.47
316.71,163.00,64.17,121.00
316.55,163.20,64.20,120.80
316.77,164.17,63.47,119.07
316.73,164.60,63.27,118.40
316.22,164.10,64.00,119.60
317.54,164.33,64.00,119.33
317.54,164.57,64.00,119.07
317.55,164.80,64.00,118.80
317.55,165.03,64.00,118.53
317.56,165.27,64.00,118.27
317.56,165.50,64.00,118.00
317.56,165.73,64.00,117.73
317.57,165.97,64.00,117.47
322.51,167.20,63.00,115.20
322.51,167.43,63.00,114.93
322.18,167.00,63.67,116.00
322.16,167.20,63.70,115.80
322.14,167.40,63.73,115.60
322.12,167.60,63.77,115.40
322.11,167.80,63.80,115.20
322.92,169.67,62.17,111.67
322.61,168.07,64.00,115.07
322.00,168.30,64.00,114.80
322.00,168.53,64.00,114.53
322.00,168.77,64.00,114.27
322.00,169.00,64.00,114.00
321.83,168.75,64.13,114.30
321.65,168.50,64.27,114.60
321.48,168.25,64.40,114.90
321.50,168.33,64.13,114.53
321.38,168.17,64.17,114.67
321.05,167.70,64.60,115.40
320.45,168.25,63.93,114.10
319.39,170.23,61.33,109.93
316.58,167.50,64.30,115.20
316.45,167.33,64.33,115.33
313.17,166.62,65.10,116.57
314.19,165.80,65.80,118.00
313.54,164.77,67.00,119.87
314.19,165.80,65.60,117.60
314.19,165.75,65.50,117.50
314.66,166.40,64.47,116.00
314.56,166.17,64.57,116.27
318.38,165.10,65.80,118.20
318.73,165.47,65.00,117.27
317.94,165.33,65.00,117.33
317.86,165.20,65.00,117.40
314.00,165.33,64.73,116.93
314.20,165.93,64.00,115.53
314.05,165.80,64.00,115.60
318.01,166.50,63.17,114.00
318.09,166.53,63.00,113.73
317.68,165.60,63.80,115.40
322.05,165.33,63.93,115.73
322.01,165.13,64.00,115.93
322.00,165.00,64.00,116.00
322.03,165.12,63.77,115.83
322.03,165.13,63.60,115.87
322.05,165.20,63.40,115.80
322.13,165.47,63.07,115.33
322.16,165.58,62.83,115.17
322.19,165.70,62.60,115.00
322.23,165.82,62.37,114.83
322.26,165.93,62.13,114.67
322.29,166.05,61.90,114.50
322.32,166.17,61.67,114.33
322.35,166.28,61.43,114.17
322.39,166.40,61.20,114.00
322.42,166.52,60.97,113.83
322.45,166.63,60.73,113.67
322.23,166.00,61.00,115.00
321.79,167.40,59.73,112.27
318.90,165.70,61.03,115.73
316.05,165.20,61.60,116.80
316.30,165.27,61.20,116.73
316.44,165.33,61.00,116.67
316.59,165.40,60.80,116.60
316.47,165.07,61.13,117.33
316.53,164.95,61.10,117.63
316.33,164.30,61.60,119.00
316.59,164.58,61.17,118.50
316.76,164.67,60.93,118.40
318.45,165.80,59.60,116.20
318.63,165.87,59.40,116.13
318.78,165.88,59.27,116.17
319.00,166.00,59.00,116.00
319.03,165.87,59.17,116.20
319.06,165.73,59.33,116.40
319.14,165.70,59.40,116.40
319.19,165.60,59.53,116.53
319.23,165.50,59.67,116.67
320.08,167.40,58.20,112.80
319.71,166.07,59.17,115.40
321.73,166.20,59.07,115.07
321.74,166.10,59.20,115.20
321.76,166.00,59.33,115.33
321.59,165.53,59.83,116.20
321.09,164.40,61.00,118.40
321.30,164.70,60.73,117.73
321.81,165.60,59.87,115.87
321.58,165.00,60.50,117.00
321.31,164.33,61.20,118.27
321.29,164.17,61.40,118.53
321.37,164.20,61.40,118.40
321.38,164.10,61.53,118.53
321.39,164.00,61.67,118.67
321.41,163.90,61.80,118.80
321.56,164.07,61.67,118.40
321.17,163.17,62.60,120.13
321.65,164.10,61.80,118.20
321.63,163.92,62.00,118.50
321.68,163.87,62.07,118.53
321.23,163.65,62.30,118.90
317.10,163.43,62.53,119.27
316.98,163.22,62.77,119.63
317.00,163.00,63.00,120.00
316.86,163.00,62.90,119.97
316.73,163.00,62.80,119.93
316.64,163.10,62.60,119.70
316.52,163.13,62.47,119.60
315.98,162.33,63.17,121.17
315.88,162.40,63.00,121.00
316.16,163.23,62.07,119.30
315.67,162.53,62.67,120.67
314.87,161.55,63.90,122.60
315.47,162.67,62.33,120.33
315.68,163.37,61.53,118.90
315.13,163.40,61.40,118.80
314.69,162.87,61.83,119.83
314.55,162.93,61.67,119.67
313.91,162.25,62.50,121.00
316.59,163.07,61.33,119.33
314.13,163.13,61.17,119.17
318.42,163.20,61.00,119.00
320.66,162.72,61.57,119.93
321.02,163.33,60.67,118.67
321.02,163.40,60.50,118.50
321.02,163.47,60.33,118.33
320.78,163.18,60.63,118.87
320.81,163.30,60.40,118.60
321.01,163.67,59.83,117.83
321.01,163.73,59.67,117.67
321.01,163.80,59.50,117.50
321.00,163.87,59.33,117.33
321.00,163.93,59.17,117.17
321.00,164.00,59.00,117.00
320.96,164.11,59.03,116.83
320.91,164.23,59.07,116.67
320.87,164.34,59.10,116.50
320.76,164.26,59.27,116.73
320.70,164.32,59.33,116.67
320.63,164.39,59.40,116.60
320.57,164.45,59.47,116.53
318.26,164.92,59.27,115.67
313.86,164.58,59.60,116.40
313.91,164.65,59.67,116.33
313.96,164.71,59.73,116.27
314.01,164.77,59.80,116.20
314.28,165.49,59.43,114.83
314.35,166.10,59.47,114.67
314.16,165.50,60.00,116.00
314.21,165.60,60.07,115.93
314.26,165.70,60.13,115.87
314.31,165.80,60.20,115.80
314.37,165.90,60.27,115.73
314.42,166.00,60.33,115.67
314.47,166.10,60.40,115.60
314.52,166.20,60.47,115.53
314.57,166.30,60.53,115.47
314.62,166.40,60.60,115.40
314.67,166.50,60.67,115.33
314.29,165.73,61.60,117.00
315.32,165.80,61.70,117.00
315.07,164.93,62.73,118.87
319.85,165.93,61.90,117.00
320.00,166.00,62.00,117.00
320.11,165.90,62.07,117.07
320.22,165.80,62.13,117.13
319.03,163.55,64.80,121.50
319.21,163.57,64.73,121.33
320.22,164.83,63.00,118.67
320.36,164.80,63.00,118.60
321.01,165.77,62.00,116.53
320.28,165.73,62.00,116.47
320.31,165.70,62.00,116.40
320.35,165.67,62.00,116.33
320.38,165.63,62.00,116.27
320.41,165.60,62.00,116.20
320.45,165.57,62.00,116.13
320.48,165.53,62.00,116.07
320.52,165.50,62.00,116.00
320.29,164.93,62.53,117.00
320.02,164.30,63.13,118.13
318.25,164.20,63.20,118.20
315.66,164.37,63.00,117.73
314.38,164.67,62.67,117.00
314.69,164.90,62.40,116.40
316.10,165.20,62.20,115.67
316.09,165.05,62.30,115.83
315.68,164.10,63.20,117.60
316.06,164.75,62.50,116.17
315.98,164.40,62.73,116.73
316.04,164.45,62.70,116.50
316.03,164.30,62.80,116.67
316.01,164.15,62.90,116.83
316.00,164.00,63.00,117.00
315.95,163.95,63.00,117.20
315.81,163.74,63.20,117.73
316.13,163.51,63.40,118.30
316.61,164.22,62.67,117.00
317.14,165.44,61.83,114.67
317.17,165.23,62.00,115.20
320.12,161.16,62.87,116.90
320.21,162.44,64.60,121.27
320.40,162.47,64.40,121.30
320.36,162.17,64.67,122.00
320.32,160.48,64.93,122.70
319.98,159.65,65.80,124.60
321.01,160.67,65.03,122.80
321.03,160.49,65.27,123.40
321.05,160.32,65.50,124.00
321.86,160.81,64.13,121.93
318.38,159.25,65.97,125.20
318.84,164.66,65.00,124.00
318.15,159.44,65.53,125.23
317.93,158.97,66.00,126.33
317.89,158.87,66.10,126.70
317.85,158.78,66.20,127.07
319.35,161.36,63.23,122.07
316.13,162.58,62.40,119.80
316.03,162.65,62.33,119.83
316.35,163.59,61.40,118.13
315.70,163.54,61.50,118.40
315.93,163.93,61.07,117.80
315.98,164.01,61.00,117.80
316.00,164.00,61.00,118.00
315.90,164.13,61.03,117.87
315.80,164.27,61.07,117.73
316.20,165.40,60.10,115.60
315.66,164.67,61.00,117.20
314.75,162.75,62.67,121.17
315.09,164.20,61.80,118.40
315.53,165.40,60.77,116.13
315.46,165.60,60.73,115.87
315.24,165.50,61.00,116.20
315.32,166.00,60.67,115.33
315.26,166.20,60.63,115.07
314.99,166.00,61.00,115.60
314.90,166.17,61.00,115.40
318.94,165.87,61.47,116.13
321.81,166.50,61.00,115.00
322.12,166.20,61.47,115.73
321.90,165.75,61.87,116.77
321.32,165.00,63.00,118.40
321.56,165.88,62.47,116.77
321.61,166.17,62.33,116.33
321.66,166.45,62.20,115.90
321.71,166.73,62.07,115.47
321.75,167.02,61.93,115.03
318.13,167.50,61.40,114.20
317.50,166.75,62.50,115.83
319.92,168.00,61.27,113.47
319.94,168.25,61.20,113.10
319.96,168.50,61.13,112.73
319.98,168.75,61.07,112.37
320.00,169.00,61.00,112.00
319.97,168.84,61.07,112.24
315.69,168.79,61.07,112.28
316.45,170.48,59.31,108.83
316.43,170.45,59.28,108.83
315.93,169.48,60.17,110.69
315.48,168.59,61.00,112.41
315.44,168.52,61.00,112.48
315.75,169.17,60.28,111.10
315.85,169.38,60.00,110.62
315.31,168.31,61.00,112.69
314.95,167.62,61.62,114.00
314.64,166.71,62.17,115.76
314.63,166.72,62.10,115.66
314.62,166.74,62.03,115.55
314.85,167.48,61.48,114.00
314.83,167.45,61.45,114.00
315.78,166.83,62.00,115.17
315.81,166.76,62.00,115.24
316.17,167.34,61.34,114.00
316.56,168.00,60.62,112.62
316.27,167.28,61.28,114.00
316.32,167.24,61.24,114.00
316.47,167.41,61.00,113.59
316.92,168.17,60.17,112.00
317.12,167.28,61.00,113.72
320.40,166.21,62.00,115.79
321.00,167.14,61.00,113.86
320.99,167.03,61.03,114.00
321.00,167.00,61.00,114.00
